5d01000000000000000000000000000000000000000000000000000000000000
5dec020000000000000000000000000000000000000000000000000000000000
5d01000009000000000000000000000000000000000000000000000000000000
5d01000000000000000000000000000000000000000000000000000000000000
5d0100000f000000000000000000000000000000000000000000000000000000
5d01000000000000000000000000000000000000000000000000000000000000
5d01000004000000000000000000000000000000000000000000000000000000
5d01000000000000000000000000000000000000000000000000000000000000
5d0100000a000000000000000000000000000000000000000000000000000000
5d01000000000000000000000000000000000000000000000000000000000000
5d01020000000000000000000000000000000000000000000000000000000000
5d0102002f000000000000000000000000000000000000000000000000000000
5d01020000000000000000000000000000000000000000000000000000000000
5d01000000000000000000000000000000000000000000000000000000000000
5dec020000000000000000000000000000000000000000000000000000000000
5d0100001e000000000000000000000000000000000000000000000000000000
5d01000000000000000000000000000000000000000000000000000000000000
5d01000004000000000000000000000000000000000000000000000000000000
5d01000000000000000000000000000000000000000000000000000000000000
5d0100001f000000000000000000000000000000000000000000000000000000
5d01000000000000000000000000000000000000000000000000000000000000
5d01000004000000000000000000000000000000000000000000000000000000
5d01000000000000000000000000000000000000000000000000000000000000
5dec020000000000000000000000000000000000000000000000000000000000
5d01000020000000000000000000000000000000000000000000000000000000
5d01000000000000000000000000000000000000000000000000000000000000
5d01000004000000000000000000000000000000000000000000000000000000
5d01000000000000000000000000000000000000000000000000000000000000
5d01000021000000000000000000000000000000000000000000000000000000
5d01000000000000000000000000000000000000000000000000000000000000
5d01000004000000000000000000000000000000000000000000000000000000
5d01000000000000000000000000000000000000000000000000000000000000
5d01000022000000000000000000000000000000000000000000000000000000
5d01000000000000000000000000000000000000000000000000000000000000
5d01000004000000000000000000000000000000000000000000000000000000
5d01000000000000000000000000000000000000000000000000000000000000
5d01000023000000000000000000000000000000000000000000000000000000
5d01000000000000000000000000000000000000000000000000000000000000
5d01000004000000000000000000000000000000000000000000000000000000
5d01000000000000000000000000000000000000000000000000000000000000
5d01000024000000000000000000000000000000000000000000000000000000
5d01000000000000000000000000000000000000000000000000000000000000
5dec020000000000000000000000000000000000000000000000000000000000
5d01000004000000000000000000000000000000000000000000000000000000
5d01000000000000000000000000000000000000000000000000000000000000
5d01000025000000000000000000000000000000000000000000000000000000
5d01000000000000000000000000000000000000000000000000000000000000
5d01000004000000000000000000000000000000000000000000000000000000
5d01000000000000000000000000000000000000000000000000000000000000
5d01000026000000000000000000000000000000000000000000000000000000
5d01000000000000000000000000000000000000000000000000000000000000
5d01000004000000000000000000000000000000000000000000000000000000
5d01000000000000000000000000000000000000000000000000000000000000
5dec020000000000000000000000000000000000000000000000000000000000
5d01000004000000000000000000000000000000000000000000000000000000
5d01000000000000000000000000000000000000000000000000000000000000
5d01000004000000000000000000000000000000000000000000000000000000
5d01000000000000000000000000000000000000000000000000000000000000
5d01000005000000000000000000000000000000000000000000000000000000
5d01000005040000000000000000000000000000000000000000000000000000
5d01000004000000000000000000000000000000000000000000000000000000
5d01000000000000000000000000000000000000000000000000000000000000
5d01000006000000000000000000000000000000000000000000000000000000
5d01000000000000000000000000000000000000000000000000000000000000
5dec020000000000000000000000000000000000000000000000000000000000
5d01000004000000000000000000000000000000000000000000000000000000
5d01000000000000000000000000000000000000000000000000000000000000
5d01000007000000000000000000000000000000000000000000000000000000
5d01000000000000000000000000000000000000000000000000000000000000
5d01000004000000000000000000000000000000000000000000000000000000
5d01000000000000000000000000000000000000000000000000000000000000
5d01000008000000000000000000000000000000000000000000000000000000
5d01000000000000000000000000000000000000000000000000000000000000
5d01000004000000000000000000000000000000000000000000000000000000
5d01000000000000000000000000000000000000000000000000000000000000
5dec020000000000000000000000000000000000000000000000000000000000
5d01000009000000000000000000000000000000000000000000000000000000
5d01000000000000000000000000000000000000000000000000000000000000
5d01000004000000000000000000000000000000000000000000000000000000
5d01000000000000000000000000000000000000000000000000000000000000
5dec020000000000000000000000000000000000000000000000000000000000
5d01000027000000000000000000000000000000000000000000000000000000
5d01000000000000000000000000000000000000000000000000000000000000
5d01000004000000000000000000000000000000000000000000000000000000
5d01000000000000000000000000000000000000000000000000000000000000
5dec020000000000000000000000000000000000000000000000000000000000
5d01020000000000000000000000000000000000000000000000000000000000
5d01020030000000000000000000000000000000000000000000000000000000
5d01020000000000000000000000000000000000000000000000000000000000
5d01000000000000000000000000000000000000000000000000000000000000
5d01000028000000000000000000000000000000000000000000000000000000
5d01000000000000000000000000000000000000000000000000000000000000
5dec020000000000000000000000000000000000000000000000000000000000
5d01000028000000000000000000000000000000000000000000000000000000
5d01000000000000000000000000000000000000000000000000000000000000
5d01010000000000000000000000000000000000000000000000000000000000
